010083480
010467170
011047115
003109825
011560447
010140274
003449221
003731563
010989166
011565544
003748239
010090257
011502218
011073910
010337365
003864122
003561372
003336476
003425851
010149023
003559860
003529497
010470206
010793172
003848948
011013594
010155029
011126381
011260307
010533168
011560431
010735331
010265898
010555375
011955364
010978948
003120308
011818566
003128488
011183868
011769801
011136970
010468940
010329196
011338492
011547869
003228804
010268903
003438507
003102384
010687239
011519180
011910670
010141480
010031409
003561464
010937749
003946023
003974928
011200405
003556220
003733363
010663396
011014932
010141900
011968008
003328418
010865043
011100383
011874577
011614617
010096019
010058374
011518457
011046458
003001955
003219127
003644602
010471621
003957739
011098975
003848252
011390418
011037128
010065745
010074909
003967523
010483436
011912916
003749134
003728906
003236705
011138155
003632330
003760002
011181260
010735279
011913313
011572666
003130300
003964109
010905239
011465869
011773022
003130548
010292238
011037498
010120296
011651105
010094670
010091829
010854546
003939150
010055126
011413125
011861575
003848919
011288505
010345939
010551346
003942446
010547685
010735519
010933306
011231334
011872512
011972666
011403389
010232123
010593626
010273384
010861194
010664416
011512246
010858737
010253547
011823814
003342467
010139053
010593779
011922722
011446443
003945892
003629330
003860413
010657664
011818872
003742855
011296561
003437776
011922678
003219643
011177676
011127479
010123064
010383488
010264660
011036972
011656492
010616415
003541800
011154043
003942324
003442055
003555191
011075279
011100657
003554600
011670605
011920505
011285136
011501980
010748390
010188460
011414465
011615521
010158223
010549023
010294509
011134079
010737437
011444772
003832716
011862915
010272640
010978763
003450040
010384298
003630029
010452709
011713701
011610797
010290447
011455028
010253638
010024051
011121752
011017466
010020297
003971507
011397726
003655115
011804076
011249624
010362031
003459199
011455181
010616679
003098184
011858979
010023469
010028535
010148521
011036966
010581918
010527734
010918580
011199233
011188254
011190969
003757951
011970988
011495989
003559935
003831911
011191364
010191036
003448130
011444514
003545840
011622600
011098573
010355809
011299675
011362416
010273694
010935993
011445774
010004772
010161365
010467491
003239671
003452996
010975238
010938051
010905040
003328203
011868941
011308499
011513486
010651945
003348082
011305996
011718144
011303811
010203349
003545749
003245969
010222603
010339000
010198347
011867733
003865815
003941219
010552151
003248501
011073238
003112828
010385682
010537528
003540728
003867256
003730335
010597693
010527135
011760231
010130646
010776918
010552263
010779266
010146103
011457726
003331147
003449540
011602951
010141868
010586004
011549192
010709622
010964747
010166274
010659688
003560427
003545478
003353050
003219995
010028524
011967788
003836509
011555361
010525049
010613451
003846515
011251991
003233043
003756613
011454341
003629967
010845188
010350571
003533469
003324644
003764879
010910878
011754553
011026407
010731040
010212441
010356124
010682541
010874226
003340313
010467629
011624191
010817600
011125706
003867299
011242284
010068002
011616596
010221013
010602291
003340807
011236244
010991155
003241557
010267121
010876237
003955253
003762468
011231223
003542117
011450414
011548140
011069176
010748029
010965008
011706231
003865298
011197126
010265602
010274795
010779585
010812504
011607193
011129738
011721990
010581308
011671429
003219623
003656700
003749207
010857519
010011213
010287242
011360805
011027729
011811856
011283805
010514770
010483062
011395392
010019708
003555178
003117046
011086712
010471515
010090219
010931507
003340165
003558981
010518424
003346631
003857784
010459749
011754529
003441157
010384929
010059645
010352333
011080039
010007916
011100170
003219508
011966253
011709423
003547315
011299610
010844279
010675762
010337323
010083510
010318874
011759262
010006581
010338300
010792949
003557532
010002266
003732855
010977859
010480982
010208495
011134879
011521048
010354039
010213964
010618078
011401767
010969515
011193263
010676923
003763058
003247268
010187017
011246161
003336283
010140281
010330818
010351767
011704004
010545066
003348090
010991114
011912932
011773174
011971335
003247396
003728701
010977671
011455428
011669125
003858879
010594394
010905641
011183259
011446961
003327992
011186837
003761175
003646515
010971944
011824218
003763579
011356260
010873260
010087130
003967326
011404644
010554967
003752110
010745115
003328052
003115272
010534155
011856076
003952215
011391667
011520827
011757451
010002792
003836375
011662184
011235995
003647097
011810124
003644653
011969988
003758922
010073475
011081490
010988009
010059338
010068482
010387792
011497977
003217264
010031707
010134800
010526887
010014880
011309335
011975363
011709124
010973465
011856178
010874215
010858832
011854061
003222151
010460984
010619192
011657614
010730070
011043167
010224920
011337833
010384962
011804437
003228986
003427727
010666012
010937029
010909127
011717336
011824578
010959320
010535708
003454731
010399321
010328375
003228918
010252131
010666230
011554435
003553900
010329835
003234843
011086270
003545457
010982373
011349490
011080702
010351231
003114661
011656721
010157458
003858926
010920086
010586744
011568987
010518725
010591578
003228824
011200767
003758987
003230805
010459987
011136960
010937628
010074059
011394939
003861611
011093538
010363233
003641726
011651712
003124598
003867615
003098810
011453930
011198419
011283615
003449870
003865742
010259301
003447722
011856094
011868592
010670338
003962243
011773328
011340623
011598638
003850331
003864456
010599206
010158990
011395587
011656928
010190777
010273000
003440118
010936786
010736179
010748393
011911580
003733628
010407221
011516242
011872139
011152786
010736489
010415160
011391047
003231120
010532428
003448777
011499263
010958972
011970050
010934674
010252275
010686814
011351454
011520290
010158715
010730034
010733174
003866709
010874926
011619861
011621223
010553769
010549292
010813078
010925113
003425363
010338650
010734441
010676014
011506938
011761199
011296045
003539231
003002478
011021266
010801814
010464050
003648437
011180361
010965588
010532561
010678817
003761319
010665043
003869014
003443582
010468885
010005020
010407482
010467444
011449844
010880507
003327068
010658494
010463420
010468883
003335194
010596359
011391957
003945784
010928043
003240964
010196750
003632538
003428468
011520114
003550598
010480921
003120397
010227020
011350389
011872848
003342794
011667548
011875376
010467309
011456382
003642289
003950960
011551692
003646034
010984090
010007492
011298220
010718726
010001145
010467859
011415243
011819885
003561700
010075009
010396293
011769954
010470779
003967268
011758356
011853255
010857583
010747439
010621666
011651240
011910642
011807274
011854593
003548639
010271806
011125764
011910374
010881457
010604521
010992011
010026458
010965740
010657406
011030475
010396076
010422030
010417704
010656842
010514429
010879899
011090556
010097053
010518735
010597084
010122538
010275805
010711066
010351485
011152159
011669239
003642335
011189127
010467714
011357192
010813841
003858824
010230120
010811496
010286430
010125352
010934370
011082795
010976930
010799291
003548900
011853878
011821363
010068030
011294453
010397405
010729143
010744335
010363115
010593759
010293980
010552611
010610702
010850327
003532510
003645438
011961075
011973944
003854343
003525783
003966262
010161289
010407086
011970288
010271680
010362840
003120355
011197853
003447701
011122858
003964353
011200191
010659313
003531558
011867094
011546965
010931805
003958620
010979952
010724369
011724210
003231406
011465658
011251134
003662494
010554999
010272858
003097926
003433668
010686864
003847907
010089911
003762553
010551707
010225800
010735305
010736876
011769890
010921242
011922520
011015108
011506611
003657547
011454487
011465987
011958998
011953224
010462374
010676824
003347485
011232205
003124657
003122913
010292000
011709925
003765771
011805075
010473048
010139107
011861572
011548888
010191449
003442054
010976796
010973583
010481045
010731562
011600299
010294613
011807906
003663173
003216700
010202759
003732821
010206169
010616571
010027323
010470939
003758520
011359879
011924179
011802860
010273604
003832966
011599264
010905911
011046870
010320341
003442058
010790706
011497958
011193511
003328080
003240049
010489814
003355104
010617017
010139275
010453475
011395206
010489525
011820830
003458028
011822156
010341831
003560301
010717220
003441906
010275074
011811193
010960993
003354846
010665228
010679583
010977751
011563993
003222369
010155434
010152836
003644399
003542588
010679505
010228942
011453592
011090926
003553595
010990886
003546060
011013201
010723367
010068024
011044779
011520459
003239171
011913073
010201143
003117115
011392357
010879208
010281221
011656246
011519226
011760860
011081504
011303322
011145391
010010440
010014578
011601972
011764462
010717241
011673686
003246890
011551430
010419211
003240158
011620101
010812541
011869052
011200415
011961033
011358392
010296029
011766491
010017089
010935310
010798273
010917433
011414511
003218908
011652427
003965879
003661886
011513441
010676750
010005758
010332732
010779233
003758499
010005788
010028824
003957082
010028792
003839488
010222716
011100670
010352945
011919227
003833007
010080792
003346195
010098322
011716643
010405250
010666213
003955867
011179076
010735564
003836399
010668665
011044770
003971383
010130039
003102000
011069068
010921238
010482387
011147460
011769689
011348995
003937814
011250587
010647081
011754430
011403044
003869326
011753949
003747262
003247404
011826400
010056727
010136549
010319834
003946729
010913762
010735988
011569782
003114667
011445913
003730176
010220950
011657891
010989274
011857691
011700185
011858748
010274200
003831053
003101178
003858949
011361646
003329985
011710462
010674871
010057341
011970692
003955817
003344427
003442006
011189311
011551404
010614845
010067340
010215869
010019643
003657758
003962715
011911929
010418224
010090854
003348216
010684557
010730703
011910220
011904734
011912911
011515713
010863608
010010452
010987985
010063208
003973141
003863877
010141271
010063802
010166321
010813132
010862889
003428127
010922482
010584063
003859512
011076176
011673674
003235174
003530668
003247777
010333126
010484817
011098704
011350152
010918025
003112129
010424985
011186389
011670125
010293818
011358389
003228825
010132908
010453588
003337432
010122051
011190713
003328841
003748250
011046786
011859158
003644649
011714250
010212834
003529290
010397751
011253711
010665436
010213902
011090561
003118883
010338279
010664703
010982872
010422241
011229003
003453214
003654095
010394772
010960995
010611420
003629496
011517719
010491031
011245491
011244980
010454313
011391018
010544677
011568224
010722175
003962357
010118816
010881767
011090765
003438975
003244792
010922247
003446746
003339538
011954511
011518142
010790415
011145637
010031656
011701888
011455484
003757407
010482041
003443127
003544689
011873091
010353968
011671226
011072982
011600889
010189546
010120548
010290666
003328026
011152511
003655332
010275766
011082612
011125936
010189542
011823661
010489345
003234139
011337372
011617030
003966912
010513530
010525077
011494130
003642741
010579570
011153539
010407020
010935753
011709006
010471914
003103212
003342970
010489206
010797460
003851949
010208370
010121738
010024701
011462341
011410904
011913012
003441784
010338049
003546821
010666242
011824964
011189284
003120904
003962872
011145831
003446451
010016874
010328458
003543899
011400842
003336765
010991555
010681550
003851320
011860294
003765917
003557043
010345478
010610039
010656823
010263598
011182260
011924426
010790812
003660006
010963065
010027247
003098843
010419108
011032227
003098197
010419312
003866536
011774991
010002866
010200627
010490899
010844890
011807397
011288051
011199725
010273863
011249951
010879038
010651816
010751031
003935499
003428359
011612371
010164895
003632418
003660392
003632089
003546765
010749059
003849155
010156055
010402029
010208303
010485250
011493732
003342210
011046025
010677186
010360722
003955866
010531839
010287248
011495654
003852865
011620956
003853673
011818196
010686752
010556840
003338674
010005667
010186945
003097346
011769146
010646889
011498128
003545583
011918099
003834728
010663976
003561883
011760959
003223433
003443221
010134498
010228991
011656840
011466960
011037511
011442900
003232859
010266615
010153855
010879247
010483644
011859861
011702078
011753767
011775507
010677763
011502867
011702948
010919310
010861620
003942670
010422252
003735634
011876339
003865595
003747641
011506859
003347395
010347101
010473272
010031500
003338885
010724569
011858741
003001885
003342592
011242721
003430610
003327668
003247616
010095484
010816107
010662202
010231863
011455711
010339522
011177707
003112890
003937519
010403423
011774303
010646009
003955444
010554421
011027624
010593239
010615440
011960862
003097352
010157573
003003673
011554998
003439031
010878117
010336927
010006096
011819135
011717013
003965242
010583066
011721400
010967168
010875245
011619189
011601633
003340070
011968513
011029877
010918016
010601549
010663699
011758710
010732638
011350118
003548044
003103227
010154388
011124436
003229028
010333254
010532771
003836276
010661718
010132552
011043136
010464078
011401822
010678912
010470616
011036168
010818266
010227863
010330115
011666658
011297236
011860395
010590857
011026304
003440346
010857342
011017401
011705004
011959893
010665014
003539632
003640905
011513366
011911561
010354763
003864417
010525205
010741920
011759279
010665178
010068383
003635233
010668565
010923282
003975339
010593535
011546211
011243149
011340218
003439167
003121340
003327993
003955397
003750536
011615258
011752906
003532982
010730000
011821140
011350350
010875007
010864656
003836413
010358759
010352938
010420301
010035155
011389771
010843203
011905409
010259031
010190244
011442444
011702373
011769861
010972301
010078497
003836450
011305417
010878263
010062987
010449542
011235754
011461844
010070468
011616434
010973814
010858691
011465950
003654076
011294931
010139691
010802309
010384798
010880767
010081993
011508397
003239945
003838486
011074835
003556533
011093335
003341760
011971449
011407847
003443790
003973549
003836862
011518193
010337090
010163066
003848275
010844693
003541946
010728219
010422852
011463211
010991431
011197654
011564013
003431126
011671579
010666592
011493431
003558849
010073672
011768142
010729668
011084620
010677397
003852116
010525027
010818065
010329469
010848443
011402995
011401755
010205598
010057494
011302524
011025532
003964562
003966801
010577994
011444952
011656918
011187057
010389121
010064591
011393633
003735674
010028352
011923213
011547505
011875734
011241814
011599800
010843590
010722485
011519134
011017901
011073351
011872364
003532985
010661679
011922402
003345675
010656508
003971315
010858030
011392017
003233302
003228988
010453009
010924096
010587105
011033205
010264728
010065053
003561656
003759394
010213594
003340312
011232111
011570749
010027861
011509504
010026502
011200366
011565924
010141400
003544595
010285631
003958301
011192235
010798605
003940418
011560897
011337141
010214162
010842192
010401970
010196902
010395381
010206675
011520793
010188944
011721304
011355925
011465651
010879213
003747817
003425756
011246246
003246984
010798838
010154094
010815932
010259029
003967219
010471960
010342248
003749365
011197934
010292465
003003991
011722217
011601425
010583089
011460462
010340423
011520787
010527540
003970397
011183752
010905076
010537061
011823054
010488450
010861301
003763724
011551652
010785623
010161534
003542574
011905840
010815729
010359854
010083325
011966643
011807603
003323168
010424904
010751515
010469984
003114167
011954651
010491062
011614808
010070247
003444098
011905011
010796627
011465134
003834360
003728432
010139322
010015534
011612280
010489539
010004519
003861595
011725951
003113630
003219037
011037818
010614602
010341917
010320552
011341266
010068519
010227881
003230578
011442465
010802364
010525475
010925104
011547513
003735720
010272442
003534118
003351888
010809888
010682918
011804465
010731839
010664441
011453264
011968514
010603071
003835670
011192998
010916600
010191459
003832474
011972904
003839930
003847563
011568624
010684670
011244265
010518399
011402951
011255231
011187436
010139305
011338918
003964545
011508644
003348390
011957046
003644107
003119256
010453350
003239636
011867071
011125613
003234598
011254382
003547760
003240706
010165244
003341982
011962284
003859628
011654039
003860441
003744309
003764714
011416506
011194032
010416390
010583379
010777591
010028140
011137995
011259686
010848459
011658934
010864531
010933561
010794087
010083623
003439126
010058938
010482160
011560273
010187159
003557560
003539153
010793443
003120276
011025518
003245638
010098540
010990452
010080248
011868514
011147785
010255680
011569291
003962684
010337517
010583180
011097752
011412044
003443331
003356156
010867062
010289119
011361283
010797266
011752908
010002261
010426656
010319341
003660924
010394332
010743597
003938354
010604335
011611600
010978008
010679429
010221507
003539521
003757590
010600261
011861151
003847708
011764567
011612249
003852258
011826272
011912987
010403690
010917043
011071200
003115435
010232693
003544640
011463950
003122985
011758544
003631702
003526331
010747162
003732035
011607176
011234835
010714072
003854101
010404115
011771430
003233863
011461433
003838496
011670252
010925227
010907307
010710755
011026582
010389724
011753667
011030711
010162509
011969772
010799735
010616922
010730162
010018233
003765054
010666510
011282568
003109937
010407054
011307603
010855545
010723397
011137395
011075429
010863107
011413812
011298298
010357831
010491554
011802615
011499192
003970117
011357664
010585852
011190388
011342573
010399137
010729944
011812062
010796844
011958062
010989620
010394802
003545240
011342883
011513739
010484808
010537820
010205804
011017094
011036440
010004738
011021252
011656302
003128235
003457683
010068919
011700255
010591855
003240406
010320656
010464666
011237332
011401845
010971674
003858988
003970233
011623629
011512103
010789273
010555365
010015937
011709022
011566256
003855001
010448764
010161393
003444588
010198662
003429637
010065049
011506654
003246594
010271825
011812199
011153476
011135986
010992345
011018648
011304958
010924282
010096977
010158418
003748748
003646734
003733346
010616317
011824222
003554031
003547874
010788461
003641216
003348093
011298020
011923270
011818607
003745559
010091110
011662738
010253304
011074541
011456256
011555530
003548645
010201891
003756264
011918016
010220707
010219361
010000941
010556891
011152312
010022908
010685764
011673802
011616663
010003058
011493378
003732894
003848665
003128552
010062704
011560037
010618044
010989281
011973943
010854555
003836772
010412044
011974540
003952651
010862354
011442647
011045383
003241975
011080405
010526549
003329204
010295951
003117185
011569628
011909686
010537907
003547187
011455642
010019763
003440978
010480952
011021676
011091029
011661803
010745365
011394027
011559493
011853905
011870545
010583225
010963242
003458990
010003658
011499228
011409673
010153011
011295426
011460018
003456972
003731157
011666141
003228945
011144765
003755522
010872983
010658177
011082093
003858804
003113266
010614158
003545135
010404582
011495305
003558145
003550434
011081512
011348997
011408935
010992714
010858803
003953212
011809179
003003992
003745690
010487119
003654950
003326428
003109930
011244137
011285870
010395543
011348610
010727668
010004515
011020114
003757521
011390058
010796480
003867593
011599937
010395508
003346027
010865206
010795103
011015323
011469178
003848966
003859079
010034489
010861046
010328393
003545831
010227501
003953106
011253827
003526481
011913013
003644523
010415227
003644116
010597574
011099351
011177543
010010811
011031937
011666881
003239219
011456839
010603977
010670119
011752632
010383696
011414527
011305366
003657176
010489521
010858504
011516930
010341878
003231341
003953970
003229150
003242039
010452252
010453983
003968809
010747445
010798331
011876098
003547247
010068659
010451317
010387742
003122872
003459529
010363281
011905398
010730838
010190075
010031918
011414368
010015516
011176166
003351682
010407209
011342416
011069681
010405391
011520465
003540873
010071383
011599038
010132832
011285767
011187837
010341905
011972640
010489108
003847138
010288922
003935914
011188249
011400814
011288686
003115833
011622985
003634384
011572193
010462980
003241604
011182213
010990961
010810838
011255761
010683330
003119250
003528198
010336624
010978581
003645649
003247306
003858851
010074354
011244682
003542573
010418797
011599948
010195926
003444884
011553706
010790387
010337064
003847822
010905746
010010516
003836522
011875511
003858917
010356840
010019399
010908248
003241344
010491544
003859213
011802766
010797920
011598350
011773909
011091597
011770258
010922659
010468871
003114811
011663521
010842958
010990917
010414727
010924853
010208103
011019987
011624249
011701407
010960823
010033959
010584140
011141029
010664106
003337425
011519187
010419797
011714231
011611275
010122255
003118797
003441414
010718345
003734418
011457664
010793576
010297952
010223616
011820297
003654719
010529366
010619142
010353849
010717871
003862246
011718389
003431143
011284505
011803074
003834322
010333063
003335813
011718839
010592862
010973664
010091124
010491044
011923284
010747501
010842144
011811382
011147814
003128853
011290515
011444615
010454632
011336883
003836453
010676927
010383687
003765091
011903742
003735629
011284772
011298442
011658036
011569475
003836558
011960922
010019065
010597467
003326377
003230753
010600955
010092312
011391371
010652379
011722077
003097331
011192141
003547091
011037335
003848972
003851130
003935803
011455491
011502240
003248033
011954842
003869825
011766996
010140843
003231137
003344419
003865358
011819396
011127190
010332213
003660943
010875937
011129145
011074178
011922778
003969687
003646449
010337258
011186775
003326917
010529126
003656913
011874338
010548411
011083876
010598313
011462969
011618601
011338940
011250572
003542928
010096697
010266852
011603064
010924562
003858704
010531955
010011306
010601284
010665208
010459864
011717648
010275880
011298815
010030778
011393248
011507101
011152463
010801100
010616656
010917681
003644542
003864533
003228931
010272747
003751118
003859363
003426367
003222680
003644601
011295805
011955499
011818800
011442224
011403216
010417984
011296437
003966273
011090405
003554819
010134152
010547378
011601584
003633545
003749978
011342861
003850086
011772971
011015241
010975146
011401182
011521137
010033279
011360571
003236788
011912016
011853130
003658853
003757778
011518599
010191056
010713616
010319385
003116412
011904423
010074700
010098844
011403530
011133840
010960920
010079317
010031885
010272389
011756821
010735575
003662838
010538176
011337566
003323887
011183539
010487228
011414170
003346154
003544694
003858919
003456780
011963206
003731429
010519727
010681464
010685353
010964440
010653179
003852655
011495458
011392618
010074466
011133306
003971641
010199984
010748621
010386984
010000162
010661778
010586208
010745663
010388286
003865567
003339128
011081377
003338660
010601163
011403339
011904151
011709244
003962728
003859890
010208477
010723750
011176127
003328027
003246460
003869909
010332883
010617638
010724544
011341164
010220756
011341314
010136603
011075737
011971494
010549562
003656121
010514430
010336951
010583761
011958955
003971446
011968463
010874614
003230787
011135308
011603298
010525592
010031907
010001368
010075292
011137180
011076400
011824786
010480915
010386922
003343281
011521793
003965326
011909839
010669994
010799767
003644071
010685175
011153121
011852982
010528068
010794974
011558882
011098013
010018364
011566064
010147356
010854768
010777903
011129258
003248019
010268907
011046723
003337351
011391512
003734868
010490282
010064256
003240159
003634051
011819949
011122894
011598894
011125797
003441795
010536761
003934090
010801647
011871874
003120431
011252617
010527793
003128793
010158729
010991389
010538178
003098059
003439096
010186761
011444974
003864443
011442793
003954770
011614528
003869649
010415087
010065244
011674709
010663738
011241912
010711551
003967760
010904857
010281890
